-13789780434
-1059600945
9205905345
-8543522478
-13033544314
169200887
-9024115327
-14816257045
-4572135097
-2707658989
10801428033
19123726340
-8490478447
-5651142093
7264178064
19785755427
2616207883
7017721153
-2782918155
-5274826394
-18125974799
-8028579457
451066358
-2992343100
1851453951
6498258537
-1369700701
8994912370
-8583293663
-1144141065
2756290653
3140738311
-6000911820
6586054167
5489518384
11809623379
3808692118
354648222
6469626736
-3428155175
4855236808
10704901289
921262448
-7625101868
5084466934
4427754282
369745508
8036821697
-10381396693
1336888370
248369797
2158507640
4539428235
14905264995
1213519548
-3686649134
