14527,16541,18407,17387,15860,19162,15023,19483,17005,18787,19336,14481,14479,1841619402,18886,16798,18386,18766,15145.5,18462,18177,15340,17164,16437,1914117836,18179,18422,14797,19170,18330,18032,16381,18857,19849,14863,15367,16239,15916,1662215678,19633,15410,14609,17190.0,19771,18753,15378,18320,17063,17654,17939,18834,18650,18821,15894
19503,18736,17489.0,16242,18647
14500,18337,16358,15515,15616,14724,14687,18606,17466,15744,19147,17458,17986,17074,16119,17856,17184,14873.5,17546,15157,16161
17706,16628,18876,15008,16670,15339,16137,17591,14844,17142,15033,14786,18352,18751
17780,19693,19312,19083,16419,19609,18003,17489,17963,17664,16341,19779,19041
19474,19387,16505,15837,16616,17827,14956,14844,18897
17992,16205,19000,14958,16709,16726,14483,15761.0,17039,14919,19723,15261,19873,19146,18873,14638,16321,14421,19637,15259,16516,19172,19238,16754,14632,18108,18025,17733
19471,19642,15091,14520,18297,16937,1741316162,15124,14816,15077,15431,16987,17206,18296,1637318997,18881,19386,17266.0,15146,19927,15748.0,16073,15436,14967,16422,14948,17958,15912,15403,19004,18330,15518,19634,19106,16624,1812215400,19844,19433,17908,14558,16303,16603,18552,18205,16637,19507,17788
19250,15985,16925,17285,18812,18387,18385,18996,17564,14818,16530,17822,1779315706,16513,19974,19640,19637,18982,15753,19933,17812,19863,16273,17739,14656,1741314937,16977,19192,15541,14402,17779,15220,19585,17830,18849,15729,16498,18305,17698,19027,18859,15956,14536
19780,19569,17768,17628,15179,15613,18334,15397.0,18001,19560,14834,18955,14981,1603417276,19142,16336,18915,17652,17326,19283,17596,18651,16467,16863,14830,14878,15977,17567,1684615018,15129,19122,19008,16905,19160,18953,15845,18470,15871,18619,1565516202,17908,16864,14748,1456918991,17704,19976,15476,18701,15405,14878,17005.0,19132,16451,15159.0,19521,16459,15955,15070,17171,1660214987,15210,14980,18982,18791,17916,18725,16410,14937,15893,16578,18769,18365,14503.0,17452,14962,17014,15730,14497,17212,14491
14924,18287,15872,17585.5,19299,1478718563,17413,16229,16631,18829,15665,17581,16908.0,16235,18359,17370,19291,15904,1548118702,15171,18998,14443,17208,16044.5,14881,15618,19086,18511,16177,19294,18205,1978318364,14585,18844,18991,15851
15008,18459,18286,15721,15375,15243,17156,1937217669,18325,14999,19154,14895.5,15222,15588,16636,14611,17525,14808,17065,1617719157,16480,14698,19319,19997,17884,14932,1984319819,14616,18280,15300,19849,17819,15956,18796,15190,15799,17071,19751
18830,17741,18619,1888319012,14522,19851,15883,18072,16552,15003,15395,19340,15559.0,18327,15580,15958,15550.0,15142,15803,19607,19856,19352,15903,17325,1997816212,15033,16212,14484,16229,19318,19303,19305.5,19308,19509,17928,16528,19813,16858,19681,16484,1888717844,18278,17746,17150,18277,19377,18853,15433,16886,17789,19537,18129,18454.5,18780,16938,1473918836,19668,16242,16778,16165,18653,15495,15056,15369,15676,17447,1636718056,18756,15176,18101,15645,15628,17447,1440219840,17981,19540,14966,17612,19057,19136,17447,15487,16766,15736,1440219602,17222,19174,14770,19629,17538,18891,19566,14602,18240,14868,19511,19911,19044,16230,17977,15206,15597,19003,17070,14772,1753314877,18157,14516
19242,19934,18557,15491,17063,1556315193,15312,18985,17156,15134,1729915944,19393,19178,15841,16189,16193,19948,18639,18826,19321,14963,17849,17993,16923,1910217729,16102,16420,19839,17134,1735719034,18020,15551,14649,19208,15835,16820,14471,18002,15537.5,19644,14899,15178,16693,17271,15975,16609,17183,17691,1702815820,19260,17731,14919,17767,1546916937,18555,16869,16463,17770,18873,15057,19646,18761,15745,18006,16649,19597,19104,14950,15841,19837,14638,16702,15615,1618017400,16246,14795,16284,14897,17495,15140,17490,18475,16972.0,15469,18953,18238,14447,15900,17067,14988,15797,16422,15326,18704,1943619166,17792,17025,16109,15421,16223,19795,18279,18841,14672,19212,16176,18815,16263,16960,19716,17637,18950,15610,16994,19876,15350,15224
19217,15206,18268,19246,16117,14981,17692,14620,19270,16095,17700.0,19305,14889,19510,15158,18749,18382,17623.0,16864,17872,1546217621,16560,14647,19567,15042.0,17074,17509,19575,19996,1914518684,19266,16049,16607,14748.5,17301,16919,1786018204,18663,17891,15259.5,17834,18156,1768816331,14439,14722,16952,14700,18687,19438,17203
16649,16388,14479
19509,18052,16065,16389,19684,19914,19725,18887,17030,15243
14627,16032,15897,19086,19627,18611,19467,17259,1509018767,16665,16499,19302,17561,18561,19183,15054,15190,18321,16699,16169,19442,20000,19115,18659,15836,14916,17974,19325,1970918060,17647,18832,15827,14784,19187,1456318517,15471,19163,16596,16084,15435,17036,18140,17986,19041,19659,19569
17710,16010,15049,19647,18318,15316,18241,17053,16049,14685,19828,19362,14931,14999,14556,15358,18131,16064,14994,17835
14774,14679,19910,15764,18226,14775,18679,15157,16567,17090,16165,18922,15074,14434,15360,17452,16407,15093,18999,18140
16777,19684,15945,19031,15390.5,14460,15357,18647,19158,17725,16235,18954,16203,15787,15627,19609,16325,16533,15473,19126,14755,15867,18081,17592,18983
19058,19937,16934,15980,16037
15923,19015,16081,14816.5,17243,14431,16066,18627,16445,14988,18211,15086,19907,16600,14680,18350,15607,15700.5,15794,18383,14829,19146,1587718792,16857,18073,18992,16028,15133,15793,19542,19504,14956,14799,14438,16259,16026.0,15793,17475,16897,19525,17040,17102,19941,1610119738,17369,19165,18058,16861,17672,19984,1910315850,16275,17549,16530,16889,1557715445,14944,15190,16046,15731,14443.0,14870,19133,17375.0,15617,16396,19318,17810,17062,16264,17784,19222,17297,1535314406,16367,19495,14752,16883,18479,16423,16764,15218,19784,18664.5,17545,14665,15218,15466,19044,19997,19051,14784,16568,15209
14532,17936,14920,15955,18948,17948,18664,15527,16582,15957,15380,17293,14616,19712